#Base	G	A	T	C
1	20.771216124613456	29.618966965790765	26.006502106789302	23.603314802806473
2	24.022533011258798	31.555120732177404	26.761386574366647	17.66095968219715
3	19.7471071783863	28.16601621066358	31.352414164105387	20.734462446844727
4	20.770138412034367	28.548233365789493	28.632295050996966	22.049333171179175
5	21.133565031410008	28.967114319006992	29.152135783385685	20.74718486619731
6	21.256702201995328	28.932228981982473	28.23077896992765	21.58028984609455
7	22.141931133343427	28.92037298261327	28.573209358954948	20.364486525088353
8	20.89093626404419	29.014807108619245	29.124912483613464	20.969344143723102
9	20.9827017763048	28.203569818884244	29.492956135000668	21.320772269810288
10-14	21.354991506779452	28.935937920244026	28.46576703589905	21.243303537077477
15-19	21.34856204471249	28.984957685414265	28.4516443974134	21.21483587245984
20-24	21.47431489086122	28.822464289970995	28.385561211084397	21.31765960808339
25-29	21.577923497412502	28.837222007719333	28.30269385680139	21.28216063806677
30-34	21.605070729161678	28.72685533238077	28.224598082458602	21.44347585599895
35-39	21.65720024855219	28.79801967669601	28.199474348800752	21.34530572595105
40-44	21.699248535612238	28.713609384425908	28.146445188469993	21.440696891491857
45-49	21.645601090940882	28.738770344817056	28.182232263518042	21.433396300724024
50-54	21.693812005641586	28.72371509716267	28.140505973341472	21.441966923854267
55-59	21.692330125029535	28.75884320541514	28.132680532294774	21.416146137260547
60-64	21.683383865226794	28.67005134767282	28.135791496841243	21.51077329025914
65-69	21.70062552418813	28.72459277163871	28.14123070305658	21.433551001116577
70-74	21.741228837653537	28.739580805863596	28.101542296092042	21.417648060390825
75-79	21.70942322401304	28.743529748553986	28.123351546012238	21.423695481420737
80-84	21.73652867418509	28.72535235846528	28.107083095458574	21.43103587189106
85-89	21.73676640398826	28.753736217794906	28.100791091903922	21.408706286312913
90	21.68305963903935	28.633630588327634	28.167659061687445	21.51565071094557