#Base	G	A	T	C
1	20.064907266368724	29.469796664476196	26.538714508527185	23.926581560627895
2	23.775320979467352	32.05205025514125	26.062108294196474	18.11052047119492
3	19.715136827500412	28.267987611332103	30.819557932455965	21.19731762871152
4	20.782076408745848	27.9074967074476	28.55137644013318	22.759050443673374
5	20.93119608999439	28.499266591199124	29.463466077232965	21.10607124157352
6	21.081250376944	28.412038213842305	28.4623945821965	22.0443168270172
7	21.914468602402934	28.289675126949138	29.068828672870765	20.727027597777163
8	20.639313432039383	28.522557737383764	29.59669312786562	21.241435702711232
9	20.740437879879973	27.678503816122273	29.961743282535885	21.61931502146187
10-14	21.124112915815953	28.35028800113928	28.99055645398675	21.535042629058022
15-19	21.095218002639307	28.37041112738682	29.030489795545844	21.50388107442803
20-24	21.231547513762813	28.209951657864607	28.965393685430207	21.593107142942365
25-29	21.332617591416195	28.2297994327548	28.848330663061233	21.589252312767776
30-34	21.375316920947345	28.115624087711634	28.77038518791458	21.73867380342644
35-39	21.39849105509457	28.181931661830717	28.77001444949633	21.649562833578383
40-44	21.436777295463695	28.111948757973128	28.712376393625217	21.738897552937956
45-49	21.389036603572436	28.13306730844213	28.746966752775897	21.730929335209538
50-54	21.437176109779273	28.102761139205214	28.71884963968171	21.74121311133381
55-59	21.429983986904734	28.13465072836084	28.709535326757962	21.72582995797646
60-64	21.409797532989163	28.04786681583319	28.72617894187109	21.816156709306554
65-69	21.418656894309933	28.10451825464313	28.743640455264174	21.733184395782764
70-74	21.450697372835766	28.107713498173663	28.728157226073233	21.713431902917343
75-79	21.435432749960725	28.096517545322815	28.75500284314385	21.71304686157261
80-84	21.45416657547547	28.086156454931317	28.739805293543114	21.719871676050104
85-89	21.461951517038955	28.099969973034977	28.73189538841943	21.706183121506633
90	21.392898135908073	28.004031406714606	28.788340971004132	21.81472948637319